--------------------------------------------------------------------------------
Euler graph :

  |  1  2  3  4  5  6 |
- | ----------------- |
1 |  1  0  0  0  1  0 |
2 |  0  1  0  0  0  1 |
3 |  0  1  1  1  1  0 |
4 |  0  0  1  0  0  1 |
5 |  1  0  0  1  0  0 |
- | ----------------- |

input data :

5
6
1
0
0
0
1
0
0
1
0
0
0
1
0
1
1
1
1
0
0
0
1
0
0
1
1
0
0
1
0
0

--------------------------------------------------------------------------------
Not Euler graph | 2 components graph :

  |  1  2  3  4  5  6  7  |
- | --------------------- |
1 |  1  0  1  0  0  0  0  |
2 |  0  0  1  1  0  0  0  |
3 |  1  1  0  0  0  0  0  |
4 |  0  1  0  1  1  0  0  |
5 |  0  0  0  0  1  0  0  |
6 |  0  0  0  0  0  1  0  |
7 |  0  0  0  0  0  1  1  |
8 |  0  0  0  0  0  0  1  |
- | --------------------- |

input data :

8
7
1
0
1
0
0
0
0
0
0
1
1
0
0
0
1
1
0
0
0
0
0
0
1
0
1
1
0
0
0
0
0
0
1
0
0
0
0
0
0
0
1
0
0
0
0
0
0
1
1
0
0
0
0
0
0
1

--------------------------------------------------------------------------------
Not Euler graph | over 2 odd vertex :

  |  1  2  3  4  5  6  |
- | ------------------ |
1 |  0  1  1  1  0  0  |
2 |  1  0  0  1  0  0  |
3 |  0  1  0  0  1  1  |
4 |  1  0  1  0  1  0  |
5 |  0  0  0  0  0  1  |
- | ------------------ |

input data :

5
6
0
1
1
1
0
0
1
0
0
1
0
0
0
1
0
0
1
1
1
0
1
0
1
0
0
0
0
0
0
1

--------------------------------------------------------------------------------
Euler graph | Big  graph : 

  |  1  2  3  4  5  6  7  8  9  10 11 12 13 14 
- | ------------------------------------------ |
1 |  1  1  0  1  0  0  0  0  0  0  0  0  0  0  |
2 |  0  1  1  0  0  1  1  0  0  0  0  0  0  0  |
3 |  0  0  0  0  0  0  1  1  0  0  1  1  0  0  |
4 |  0  0  0  1  1  1  0  1  1  1  0  0  0  0  |
5 |  1  0  1  0  1  0  0  0  0  0  0  0  0  0  |
6 |  0  0  0  0  0  0  0  0  0  0  0  1  1  0  |
7 |  0  0  0  0  0  0  0  0  0  1  1  0  1  1  |
8 |  0  0  0  0  0  0  0  0  1  0  0  0  0  1  |
- | ------------------------------------------ |

input data :

8
14
1
1
0
1
0
0
0
0
0
0
0
0
0
0
0
1
1
0
0
1
1
0
0
0
0
0
0
0
0
0
0
0
0
0
1
1
0
0
1
1
0
0
0
0
0
1
1
1
0
1
1
1
0
0
0
0
1
0
1
0
1
0
0
0
0
0
0
0
0
0
0
0
0
0
0
0
0
0
0
0
0
1
1
0
0
0
0
0
0
0
0
0
0
1
1
0
1
1
0
0
0
0
0
0
0
0
1
0
0
0
0
1

--------------------------------------------------------------------------------

